14
0
547399994
32522
0
0
14
0
550627232
32522
4210048
0
0
0
547400805
32522
10
0
550627232
32522
-612634080
32767
20
0
-612634064
32767
4215932
0
-88
-1
547210428
32522
-612634032
32767
4215932
0
-88
-1
547210428
32522
10
0
1
0
0
-1
547210428
0
0
0
0
0
0
-1
0
-612634377
0
0
0
0
0
-1
0
0
0
0
0
-1
32
0
0
0
0
-612634376
-1
-1
0
32767
6
0
-983382112
-612634344
0
16777215
-612634377
32767
6
10
2
32767
0
0
0
0
547228716
32522
-612634377
32767
102
0
0
0
547228716
32522
4210048
0
100
0
4215952
0
0
0
4210046
0
0
0
4215952
0
0
0
4210046
0
0
0
4215952
0
0
0
535431112
32767
-986784980
32750
4215952
0
0
0
4215104
0
0
0
4215952
0
0
0
4215104
0
429603684
0
0
0
0
0
4215088
0
0
0
0
0
0
0
4215088
0
-1
0
0
0
0
0
4211864
0
584508576
0
0
0
584508576
0
1
0
1431241513
32541
48
0
433006272
0
-679753792
32767
-679754976
32767
10
0
-679754976
32767
1
0
429642537
32703
889192496
707406336
1913390272
32680
1911146400
32680
1907725561
32680
0
0
1431378675
32541
832
0
1434605472
32541
1434605472
32541
1436839936
32541
30
0
1431377770
32541
1911146400
32680
30
0
1434605472
32541
102
0
10
0
1431378581
32541
1434605248
32541
1431379208
32541
1913380884
32680
1434605248
32541
584509760
32767
1431385070
32541
1434605248
32541
1431230844
32541
433006272
32703
1
0
-1
0
4216305
0
1434604960
32541
0
32703
0
32703
429631868
32703
584509355
32767
0
0
584509376
32767
4216064
0
433005984
32703
584509168
32767
0
32767
1911249493
0
1434594592
32541
1432278478
32541
0
32767
0
0
0
0
0
0
0
0
0
0
0
0
0
0
0
0
0
0
0
0
584509776
32767
0
0
67108864
0
547140064
32522
0
0
0
0
67108864
0
0
0
67108864
0
547140064
32522
0
0
0
0
67108864
0
547140064
32522
0
0
0
0
67108864
0
547140064
32522
0
0
0
0
67108864
0
0
0
67108864
0
547140064
32522
0
0
0
0
67108864
0
0
0
67108864
0
547140064
32522
0
0
0
0
67108864
0
547140064
32522
547635968
32522
0
0
0
0
0
0
0
0
0
0
584509776
32767
0
0
67108864
0
547140064
32522
0
0
0
0
67108864
0
0
0
67108864
0
547140064
32522
0
0
0
0
0
0
0
0
0
0
0
0
0
0
0
0
0
0
0
0
0
0
0
0
0
0
0
0
-612633424
32767
0
0
0
0
-612633824
32767
547254890
32522
8
48
547400899
32522
65536
0
0
0
0
0
0
0
0
0
0
0
0
0
0
0
0
0
0
0
0
0
0
0
0
0
0
0
0
0
0
0
