14
0
87586720
32665
-1672797536
32767
32
0
-1672797520
32767
4211056
0
87586720
32665
87586720
32665
-1672797488
32767
20
0
-1672797472
32767
4212684
0
87586720
32665
84165881
32665
-1672797440
32767
4212684
0
87586720
0
84165881
0
-1672797408
32767
10
-1672797858
1
0
0
0
4216986
0
0
0
0
0
84165664
32665
4216986
0
-1672797848
0
-1
-1
1672797232
0
584509888
0
0
0
1434605472
10
-1672797858
32767
0
0
32
0
0
0
-1672797768
0
-1672797858
32767
6
0
-1
0
84183852
32665
4218919
0
-1672797852
32767
-1672797848
32767
0
0
4211088
0
-1672797737
0
0
0
6
0
584509447
0
0
0
4212704
0
1431202660
0
0
0
0
0
4212704
0
100
0
0
0
0
0
4212704
0
429603684
0
0
0
0
0
4212704
0
0
0
0
0
0
0
4212704
0
-1
0
0
0
0
0
4211864
0
584508576
0
0
0
584508576
0
1
0
1431241513
32541
48
0
84359923
32665
-679753792
32767
87586720
32665
87586720
32665
89821184
32665
46
0
84359018
32665
889192496
707406336
46
0
87586720
32665
115
0
0
0
84359829
32665
87586496
32665
84360456
32665
1434605472
32541
87586496
32665
-1672797536
32767
84366318
32665
87586496
32665
84228752
32665
1434605472
32541
0
0
-1
0
4210388
0
87586208
32665
0
32541
0
32680
1434605248
32541
-1672797941
32767
1431385070
32541
-1672797920
32767
1431230844
32541
433006272
32703
-1672798128
32767
-1
0
4216305
0
87575840
32665
85259726
32665
0
32703
0
0
0
0
-1672797294
32767
0
0
4216064
0
433005984
32703
0
0
0
32767
1911249493
0
0
0
-1672797520
32767
0
32767
1
0
0
0
87586208
32665
0
0
0
32541
4210388
0
1
0
0
0
0
0
0
0
584509776
32767
0
0
1
0
256
0
1434604960
32541
0
0
0
32680
0
0
67108864
0
84095456
32665
0
0
256
0
433005984
32703
0
0
67108864
0
84095456
32665
0
0
0
0
67108864
0
0
0
67108864
0
84095456
32665
0
0
0
0
67108864
0
84095456
32665
0
0
0
0
67108864
0
84095456
32665
0
0
256
0
433005984
32703
0
0
67108864
0
84095456
32665
0
0
0
0
67108864
0
0
0
67108864
0
84095456
32665
0
0
0
0
67108864
0
84095456
32665
0
0
0
0
67108864
0
84095456
32665
0
0
256
0
433005984
32703
0
0
84150911
32665
1
0
65536
0
0
0
0
0
0
0
0
0
0
0
0
0
0
0
0
0
0
0
0
0
0
0
0
0
0
0
0
0
0
0
0
0
0
0
0
0
0
0
-1672796832
32767
0
0
0
0
-1672797232
32767
84210026
32665
8
48
84359923
32665
-1672797440
32767
84359923
32665
87586720
32665
87586720
32665
10
0
89821184
32665
74
0
84359018
32665
1
0
74
0
10
0
73
0
-1672796832
32767
84359829
32665
87586720
32665
84362239
32665
